FLF_0711_0730074611_304RAD_N0332864FHAZ00206_0A0295J01.png	1.10428	0.00917	0.72884	63.92026	9.89344	0.04315	158.9213	45.6244	-1	
FRF_0711_0730074611_304RAD_N0332864FHAZ00206_0A0295J01.png	1.09121	-0.23945	0.73504	64.01993	-9.97494	0.08353	158.9213	45.6244	-1	
NLF_0709_0729883381_848RAD_N0332864SAPP00601_0A00LLJ01.png	0.72848	-0.3573	2.05733	168.56111	2.21229	-12.12908	168.79509	169.75364	-1	
NLF_0709_0729889968_787RAD_N0332864NCAM03709_0A0195J01.png	0.79749	-0.30326	1.90559	55.01777	29.65143	19.26356	146.22227	61.49155	-1	
NLF_0709_0729890432_073RAD_N0332864NCAM00709_0A0095J02.png	0.84584	-0.31117	1.86848	42.4832	15.30348	16.35085	158.91156	46.04604	-1	
NLF_0709_0729893052_304RAD_N0332864NCAM12709_0A0195J01.png	0.93339	-0.78084	1.93781	-56.65997	-58.70982	-150.39232	297.89565	74.7561	-1	
NLF_0709_0729895644_487RAD_N0332864SCAM02709_0A00LLJ01.png	0.88301	-0.31503	1.92502	67.26705	14.362	6.08192	165.49829	69.41097	-1	
NRF_0709_0729889968_787RAD_N0332864NCAM03709_0A0195J01.png	1.03986	-0.6516	1.90592	55.11074	29.6977	19.13379	146.22227	61.49155	-1	
NRF_0709_0729890432_073RAD_N0332864NCAM00709_0A1095J02.png	1.00603	-0.70414	1.86928	42.56908	15.34463	16.24433	158.91156	46.04604	-1	
NRF_0709_0729893052_304RAD_N0332864NCAM12709_0A0195J01.png	0.55483	-0.58908	1.93887	-56.7985	-58.77102	-150.59456	297.89565	74.7561	-1	
ZL0_0709_0729888971_069RAD_N0332864ZCAM07114_0340LMA01.png	0.51536	0.94361	1.93614	31.73714	-26.59557	-34.07701	222.83417	42.06759	-1	
ZL0_0709_0729889008_069RAD_N0332864ZCAM07114_1100LMA01.png	0.50659	0.93388	1.95125	31.73714	-26.59557	-34.07701	222.83417	42.06759	-1	
ZL0_0711_0730054378_178RAD_N0332864ZCAM03554_1100LMA03.png	0.47433	0.71647	1.98519	92.67687	50.0753	-1.95711	129.84885	93.15377	-1	
ZL0_0711_0730054943_723RAD_N0332864ZCAM03014_048085A02.png	0.67665	0.74076	1.96481	-54.4353	7.88944	-184.35626	9.32185	55.97219	-1	
ZL0_0711_0730060145_020RAD_N0332864ZCAM03552_0630LMA01.png	0.42993	0.83625	1.96376	45.42095	5.0777	6.30484	172.50155	47.1982	-1	
ZL0_0711_0730060638_443RAD_N0332864ZCAM03014_048085A01.png	0.67663	0.74058	1.96462	-54.20876	7.86982	-184.38193	9.32048	55.74696	-1	
ZL0_0711_0730064703_098RAD_N0332864ZCAM03553_1100LMA01.png	0.68324	0.82797	1.98515	-97.87983	-10.03922	-181.05962	349.836	98.95096	-1	
ZL0_0711_0730065319_303RAD_N0332864ZCAM03014_048085A01.png	0.67665	0.74076	1.96481	-54.42707	7.88766	-184.35642	9.32048	55.96394	-1	
ZR0_0709_0729888971_069RAD_N0332864ZCAM07114_0340LMA01.png	0.69836	0.78312	1.93434	33.352	-24.667	-33.99362	222.83417	42.06759	-1	
ZR0_0709_0729889008_069RAD_N0332864ZCAM07114_1100LMA01.png	0.68959	0.77339	1.94945	33.352	-24.667	-33.99362	222.83417	42.06759	-1	
ZR0_0711_0730054569_178RAD_N0332864ZCAM03554_1100LMA03.png	0.62789	0.90583	1.98448	92.90045	50.46376	-2.67944	131.8691	93.15549	-1	
ZR0_0711_0730054943_723RAD_N0332864ZCAM03014_048085A02.png	0.43539	0.77308	1.96355	-54.75972	5.49465	-184.93375	9.32185	55.97219	-1	
ZR0_0711_0730060314_988RAD_N0332864ZCAM03552_0630LMA01.png	0.66555	0.88193	1.96133	44.8881	10.17153	8.38772	168.73091	47.1982	-1	
ZR0_0711_0730060638_443RAD_N0332864ZCAM03014_048085A01.png	0.43537	0.7729	1.96334	-54.53425	5.47518	-184.9594	9.32048	55.74696	-1	
ZR0_0711_0730064931_081RAD_N0332864ZCAM03553_1100LMA01.png	0.4441	0.78178	1.98621	-98.0149	-10.38053	-181.42145	351.92386	98.95096	-1	
ZR0_0711_0730065319_303RAD_N0332864ZCAM03014_048085A01.png	0.43539	0.77307	1.96354	-54.7515	5.49287	-184.93392	9.32048	55.96394	-1	
